4294967279,187
4294967278,198
4294967278,23
4294967278,22
4294967279,205
4294967279,184
4294967278,197
4294967279,204
4294967278,196
4294967278,21
4294967279,203
4294967278,195
4294967279,202
4294967278,20
4294967278,194
4294967279,201
4294967278,193
4294967279,178
4294967279,200
4294967278,19
4294967278,18
4294967279,177
4,4
9,4
4294967278,17
4294967278,16
4294967278,15
4294967278,14
4294967278,13
4294967278,12
4294967278,11
4294967278,10
4294967294,17
4294967294,99
4294967294,76
4294967294,107
4294967294,187
4294967294,90
4294967294,86
4294967294,84
4294967294,419
4294967294,1171
4294967294,53
4294967294,45
4294967294,427
4294967294,44
4294967294,42
4294967294,39
4294967294,41
4294967294,38
4294967294,36
4294967279,199
4294967278,192
4294967279,198
4294967294,7
4294967278,191
4294967279,156
4294967279,172
9,6
4294967279,197
4294967279,0
4294967294,94
4294967294,93
4294967294,95
4294967279,170
4294967279,171
9,3
9,2
9,1
4294967279,168
0,7
4294967294,5
4294967278,190
4294967294,1013
4294967294,469
4294967294,424
4294967294,52
4294967294,30
4294967294,14
4294967294,126
4294967294,12
4294967294,127
4294967294,92
4294967294,88
4294967278,141
4294967278,8
4294967278,7
4294967278,6
4294967278,5
4294967278,4
4294967279,132
4294967279,131
4294967279,130
4294967279,129
4294967279,128
4294967279,127
4294967279,126
4294967279,125
4294967279,124
4294967279,123
4294967279,122
4294967279,121
4294967279,120
4294967279,119
4294967279,118
4294967279,117
4294967279,116
4294967279,115
4294967279,114
4294967279,113
4294967279,112
4294967279,111
4294967279,110
4294967279,109
4294967279,108
4294967279,107
4294967279,106
4294967279,105
4294967279,104
4294967279,103
4294967279,102
4294967279,101
4294967279,100
4294967279,99
4294967279,98
4294967279,97
4294967279,96
4294967279,95
4294967279,94
4294967279,93
4294967279,92
4294967279,91
4294967279,90
4294967279,89
4294967279,87
4294967279,86
4294967279,85
4294967279,84
4294967279,83
4294967279,82
4294967279,81
4294967279,80
4294967279,79
4294967279,78
4294967279,77
4294967279,76
4294967279,75
4294967279,74
4294967279,73
4294967279,72
4294967279,71
4294967279,70
4294967279,69
4294967279,68
4294967279,67
4294967279,66
4294967279,65
4294967279,64
4294967279,63
4294967279,62
4294967279,61
4294967279,60
4294967279,59
4294967279,58
4294967279,57
4294967279,56
4294967279,55
4294967279,54
4294967279,53
4294967279,52
4294967279,51
4294967279,50
4294967279,49
4294967279,48
4294967279,47
4294967279,46
4294967279,45
4294967279,44
4294967279,43
4294967279,42
4294967279,41
4294967279,40
4294967279,39
4294967279,38
4294967279,37
4294967279,36
4294967279,35
4294967279,34
4294967279,33
4294967279,32
4294967279,31
4294967279,30
4294967279,29
4294967279,28
4294967279,27
4294967279,26
4294967279,25
4294967279,24
4294967279,23
4294967279,22
4294967279,20
4294967279,15
4294967279,13
4294967279,12
4294967279,11
4294967279,10
4294967279,141
4294967279,9
4294967279,8
4294967279,7
4294967279,6
4294967279,5
